service_id,monday,tuesday,wednesday,thursday,friday,saturday,sunday,start_date,end_date
1,1,1,1,1,1,1,0,20250715,20260415
3,0,0,0,0,0,1,0,20250715,20260415
5,1,1,1,1,1,0,0,20250715,20260415
19,1,1,1,1,1,0,0,20250715,20260415
20,0,0,0,0,0,1,0,20250715,20260415
40,0,0,0,0,0,0,1,20250715,20260415
50,0,0,0,0,0,0,1,20250715,20260415
72,0,0,0,1,0,0,0,20250715,20260415
79,1,1,1,1,1,1,0,20250715,20260415
87,1,1,1,1,1,0,0,20250715,20260415
140,0,0,0,0,0,1,0,20250715,20260415
153,0,0,0,1,0,0,0,20250715,20260415
158,1,0,0,0,0,0,0,20250715,20260415
189,1,1,1,1,1,0,0,20250715,20260415
264,0,0,0,0,0,0,1,20250715,20260415
268,1,1,1,1,1,0,0,20250715,20260415
286,0,0,0,0,0,0,1,20250715,20260415
288,0,0,0,0,0,1,0,20250715,20260415
342,0,0,0,0,0,0,1,20250715,20260415
372,0,0,0,0,0,0,1,20250715,20260415
689,0,0,0,0,1,0,0,20250715,20260415
867,0,1,0,0,0,0,0,20250715,20260415
1169,0,0,0,0,0,0,1,20250727,20260427
1172,0,0,0,0,0,1,0,20250727,20260427
1173,1,1,1,1,1,0,0,20250727,20260427
1182,0,0,0,0,0,0,1,20250715,20250726
1184,1,1,1,1,1,0,0,20250715,20250726
1189,0,0,0,0,0,1,0,20250715,20250726
1217,1,0,0,0,0,0,0,20250715,20260415
1218,0,1,1,1,0,0,0,20250715,20260415
1835,0,0,0,0,0,0,1,20250727,20250727
1837,0,0,0,0,0,1,0,20250715,20250718
1839,1,1,1,1,1,0,0,20250715,20250718
1842,0,0,0,0,0,0,1,20250715,20250718
3668,0,0,0,0,0,1,0,20250715,20260415
3674,1,1,1,1,0,0,0,20250715,20260415
3679,1,1,1,1,1,1,1,20250715,20260415
3680,0,0,1,0,0,0,0,20250715,20260415
4241,1,1,1,1,1,0,0,20250715,20250722
4272,1,1,1,1,1,0,0,20250715,20251026
4376,1,1,1,1,1,1,1,20250715,20260415
4383,0,0,0,0,0,1,1,20250715,20260415
4595,1,1,1,1,1,0,0,20250715,20250727
4608,0,0,0,0,0,1,0,20250715,20250727
5148,1,1,1,1,1,0,0,20250715,20260415
5256,0,0,0,0,0,0,1,20250715,20260415
5444,1,1,0,1,1,0,0,20250715,20260415
5623,1,1,1,1,1,0,0,20250715,20250725
5624,0,0,0,0,0,1,0,20250715,20250725
5664,0,0,0,0,0,1,0,20250715,20260415
5871,0,0,0,1,0,0,0,20250715,20250717
5876,0,0,0,0,1,0,0,20250715,20250718
7855,0,1,1,1,1,0,0,20250715,20260415
10038,0,0,0,1,1,0,0,20250715,20260415
11726,1,0,1,1,0,0,0,20250715,20260415
12635,0,0,0,0,0,0,1,20250715,20260415
12637,1,1,1,1,1,0,0,20250715,20251223
12638,0,0,0,0,0,1,0,20250715,20251223
12662,0,1,0,0,0,0,0,20250715,20260415
14126,0,0,0,0,0,0,1,20250715,20260415
14128,0,0,0,0,0,0,1,20250715,20260415
14140,1,1,1,1,1,0,0,20250715,20250718
14164,1,1,1,1,1,0,0,20250715,20260415
14168,0,0,0,0,0,0,1,20250715,20260415
14169,0,0,0,0,0,1,0,20250715,20260415
14782,0,0,0,0,0,0,1,20250715,20251224
14783,0,0,0,0,0,1,0,20250715,20251224
14784,1,1,1,1,1,0,0,20250715,20251224
14785,1,1,1,1,1,0,0,20250715,20251224
14960,1,0,0,0,0,0,0,20250801,20250804
15015,1,1,1,1,1,0,0,20250715,20251223
15078,1,1,1,1,0,0,0,20250715,20251223
15080,0,0,0,0,1,0,0,20250715,20251223
15495,0,0,0,0,0,0,1,20250715,20251223
15536,0,1,1,1,1,1,0,20250715,20260415
15537,0,0,0,0,0,0,1,20250715,20260415
15538,1,0,0,0,0,0,0,20250715,20260415
15540,1,1,1,1,1,0,0,20250715,20260415
15541,0,0,0,0,0,1,0,20250715,20260415
15776,1,1,1,1,1,1,1,20250715,20260415
17180,1,1,1,1,1,1,1,20250715,20260415
17191,0,0,0,0,0,1,1,20250715,20260415
17484,1,1,1,1,1,1,1,20250715,20260415
17824,1,1,1,1,0,0,0,20250715,20250718
17836,0,0,0,0,0,1,0,20250715,20250722
18012,1,1,1,1,1,0,0,20250715,20260415
20334,1,1,1,1,1,0,0,20250728,20250831
20344,0,0,0,0,0,1,0,20250728,20250831
20360,0,0,0,0,0,0,1,20250715,20250727
20364,0,0,0,0,0,0,1,20250728,20250831
20450,1,1,1,1,1,0,0,20250728,20250810
20451,0,0,0,0,0,1,0,20250728,20250810
20452,0,0,0,0,0,0,1,20250728,20250810
20528,1,1,1,1,1,0,0,20250715,20250727
20978,1,1,1,1,1,0,0,20250715,20250901
21092,0,0,0,0,0,1,1,20250715,20260415
21915,1,1,1,1,1,0,0,20250715,20260415
21959,0,0,0,0,0,1,0,20250719,20250719
23199,0,0,0,0,0,1,0,20250719,20250720
23845,0,0,0,0,0,0,1,20250715,20250725
26282,0,0,0,0,0,0,1,20250715,20250722
28134,1,1,1,1,1,0,0,20250715,20260415
28640,0,1,1,1,1,1,0,20250715,20260415
28641,1,0,0,0,0,0,0,20250715,20260415
30857,0,0,0,0,1,1,0,20250715,20250831
30858,0,0,0,1,0,0,0,20250715,20250831
30859,0,0,0,0,1,1,0,20250715,20250831
30860,0,0,0,0,0,0,1,20250715,20250831
30861,1,1,1,1,1,1,1,20250715,20250831
30862,0,0,0,0,1,0,0,20250715,20250831
30863,1,0,0,0,0,0,0,20250715,20250831
30864,1,1,1,1,1,1,1,20250715,20250831
30865,0,0,0,0,1,1,1,20250715,20250831
30866,0,0,0,0,0,1,0,20250715,20250831
30867,1,1,1,1,1,1,1,20250715,20250831
30883,1,1,1,1,1,1,1,20250715,20260110
30884,1,1,1,1,1,1,1,20250715,20260110
30885,1,1,1,1,1,0,1,20250715,20260110
30886,0,0,0,0,0,1,0,20250715,20260110
30887,1,1,1,1,1,1,0,20250715,20260110
30888,1,1,1,1,1,0,1,20250715,20260110
30889,0,0,0,1,1,1,0,20250715,20260110
30890,1,1,1,1,1,0,1,20250715,20260110
30891,0,0,0,0,0,1,1,20250715,20260110
30892,1,1,1,1,1,1,1,20250715,20260110
30893,1,1,1,1,1,1,1,20250715,20260110
30894,1,1,1,1,1,1,1,20250715,20260110
30895,1,1,1,0,0,0,0,20250715,20260110
30896,1,0,0,0,0,1,0,20250715,20260110
30897,0,0,0,0,0,0,1,20250715,20260110
30898,0,0,0,0,1,1,1,20250715,20260110
30899,1,1,1,1,1,1,1,20250715,20260110
30900,0,0,0,0,1,1,0,20250715,20260110
30901,0,0,0,0,0,0,1,20250715,20260110
30902,1,1,1,1,1,1,1,20250715,20260110
30903,1,1,1,1,1,1,1,20250715,20260110
30904,0,0,0,0,1,1,0,20250715,20260110
30905,1,1,1,1,1,1,1,20250715,20260105
30906,1,1,1,1,1,0,1,20250715,20260105
30907,1,1,1,1,1,1,1,20250715,20260105
30908,0,0,0,0,0,1,0,20250715,20260105
30909,0,0,0,1,1,1,1,20250715,20260105
30910,0,1,0,0,1,1,0,20250715,20260105
30911,1,1,1,1,1,0,1,20250715,20260105
30912,0,0,0,0,1,1,0,20250715,20260105
30913,0,0,0,0,0,1,0,20250715,20260105
30914,0,0,0,0,0,1,1,20250715,20260105
30915,0,0,0,0,0,1,0,20250715,20260105
30916,1,1,1,0,1,0,1,20250715,20260105
30917,1,1,1,1,1,1,1,20250715,20260105
30918,0,0,0,0,0,1,0,20250715,20260105
30919,1,1,1,0,0,0,0,20250715,20260105
30920,1,0,0,0,0,0,0,20250715,20260105
30921,1,1,1,1,1,1,1,20250715,20260105
30922,0,0,0,1,1,0,0,20250715,20260105
30923,0,0,0,0,1,0,0,20250715,20260105
30924,0,0,0,1,1,0,1,20250715,20260105
30925,1,1,1,1,1,1,1,20250715,20260105
30926,1,1,1,1,1,0,1,20250715,20260105
30927,1,1,1,1,1,1,1,20250715,20260105
30928,1,1,1,1,1,0,1,20250715,20260105
30929,0,0,0,0,0,1,0,20250715,20260105
30930,0,0,0,0,0,1,0,20250715,20260105
30931,0,0,0,0,0,1,0,20250715,20260105
30932,0,0,0,0,1,1,0,20250715,20260105
30933,0,0,0,0,0,0,1,20250715,20260105
30934,1,0,0,0,0,1,1,20250715,20260105
30935,1,0,0,1,1,1,1,20250715,20260105
30936,1,0,0,0,0,0,0,20250715,20260105
30937,0,0,0,1,0,0,0,20250715,20260105
30938,0,0,0,0,0,0,1,20250715,20260105
30940,0,0,0,0,0,1,0,20250715,20250901
30941,1,1,1,1,1,1,1,20250715,20250901
30942,0,0,0,1,1,0,0,20250715,20250901
30943,0,0,0,0,1,1,0,20250715,20250901
30944,1,0,0,0,0,0,0,20250715,20250901
30945,0,0,0,0,0,1,0,20250715,20250901
30946,0,0,0,0,0,1,0,20250715,20250901
30947,1,1,1,1,1,1,1,20250715,20250901
30948,0,0,0,0,1,0,0,20250715,20250901
30949,1,1,1,0,1,0,1,20250715,20250901
30950,1,1,1,1,1,0,1,20250715,20250901
30951,0,0,0,0,1,0,0,20250715,20260110
30952,1,1,1,1,1,1,1,20250715,20260110
30963,0,0,0,0,1,0,0,20250715,20260110
30964,1,0,0,0,0,0,0,20250715,20260110
30965,1,1,1,1,1,1,1,20250715,20260110
30969,0,0,1,0,1,0,1,20250715,20260110
30970,0,1,0,0,1,0,1,20250715,20260110
30971,0,0,1,0,1,0,1,20250715,20260110
30973,0,0,1,0,1,0,1,20250715,20260110
30974,1,0,1,0,0,0,0,20250715,20260110
30975,0,0,0,0,0,1,0,20250715,20260110
30976,0,0,0,0,0,1,0,20250715,20260110
30977,1,1,0,0,0,0,0,20250715,20260110
30978,1,1,0,1,1,1,1,20250715,20260110
30979,1,0,1,1,1,0,1,20250715,20260110
30980,1,0,1,1,1,0,1,20250715,20260110
30981,1,0,1,1,1,0,1,20250715,20260110
30982,1,1,0,1,1,0,1,20250715,20260110
30983,1,0,1,1,1,0,1,20250715,20260110
30984,1,1,0,1,1,1,1,20250715,20260110
30985,0,1,0,0,1,0,1,20250715,20260110
30986,1,1,1,1,1,1,1,20250715,20260110
30987,0,1,0,0,1,0,1,20250715,20260110
30988,0,1,1,1,1,1,1,20250715,20260110
30989,1,1,1,1,1,1,1,20250715,20260110
30991,1,1,0,1,1,1,1,20250715,20260110
30992,0,0,0,0,0,1,0,20250715,20260110
30993,1,1,0,0,1,1,1,20250715,20260110
30994,1,1,0,1,1,1,1,20250715,20260110
30995,0,0,0,0,0,1,0,20250715,20260110
30996,1,0,1,1,1,0,1,20250715,20260110
30997,1,1,0,1,1,1,1,20250715,20260110
30998,0,0,0,1,1,0,0,20250715,20260110
30999,0,0,0,0,0,1,0,20250715,20260110
31000,0,0,0,0,0,1,0,20250715,20260110
31001,1,1,0,1,1,1,1,20250715,20260110
31002,1,0,1,1,1,0,1,20250715,20260110
31003,1,0,1,1,1,0,1,20250715,20260110
31005,0,1,0,0,1,1,0,20250715,20260110
31006,1,1,0,0,0,0,0,20250715,20260110
31007,0,0,0,0,0,1,0,20250715,20260110
31008,0,0,0,0,0,1,0,20250715,20260110
31009,1,0,1,1,1,0,1,20250715,20260110
31010,1,0,0,0,0,0,0,20250715,20260110
31014,1,1,1,0,0,0,1,20250715,20260110
31015,1,0,0,1,1,0,1,20250715,20260110
31016,1,1,1,1,1,1,1,20250715,20260110
31017,1,0,0,0,0,0,0,20250715,20250901
31018,1,1,1,1,1,0,1,20250715,20260110
31019,1,1,1,0,0,1,1,20250715,20260110
31021,1,1,1,1,1,1,1,20250715,20260110
31022,1,0,0,1,1,1,1,20250715,20260110
31023,1,0,0,1,1,1,1,20250715,20260110
31024,1,1,1,1,1,1,1,20250715,20260110
31026,0,1,1,0,0,0,0,20250715,20250901
31027,0,0,0,0,0,0,1,20250715,20250901
31033,0,1,1,0,0,0,0,20250715,20250901
31034,1,0,0,1,1,1,1,20250715,20250901
31035,1,0,0,0,1,0,1,20250715,20260110
31037,1,1,1,0,1,1,1,20250715,20250901
31038,1,1,1,0,0,0,0,20250715,20250901
31039,0,0,0,0,0,1,0,20250715,20250901
31040,1,1,1,1,1,1,1,20250715,20250901
31041,0,0,0,0,0,1,1,20250715,20260110
31046,1,1,1,1,1,1,1,20250715,20260110
31050,0,1,1,0,0,0,1,20250715,20260110
31052,1,1,1,1,1,0,1,20250715,20260110
31054,1,1,1,1,1,0,0,20250715,20260110
31056,0,0,0,1,1,1,1,20250715,20260110
31057,0,0,0,1,1,1,1,20250715,20260110
31059,1,1,1,1,1,0,1,20250715,20260110
31060,1,0,0,1,1,0,1,20250715,20260110
31061,0,0,0,0,1,1,0,20250715,20260110
31063,1,1,1,1,1,0,1,20250715,20260110
31078,1,1,1,0,1,0,1,20250715,20260110
31079,0,0,0,0,1,1,0,20250715,20260110
31081,0,0,0,0,1,0,0,20250715,20260110
31082,1,1,1,1,1,1,1,20250715,20260110
31083,1,1,1,1,1,0,1,20250715,20260110
31086,1,1,1,1,1,1,1,20250715,20260110
31088,1,1,1,1,1,0,1,20250715,20260110
31089,0,1,1,1,1,1,0,20250715,20260110
31090,0,0,0,1,1,1,0,20250715,20260110
31092,1,1,1,1,1,0,1,20250715,20260110
31096,0,0,0,0,1,1,0,20250715,20260110
31099,1,1,1,1,1,0,1,20250715,20260110
31101,0,0,0,1,1,1,0,20250715,20260110
31102,1,1,1,1,1,0,1,20250715,20260110
31105,0,0,0,0,0,1,0,20250715,20260110
31138,1,1,1,1,1,1,1,20250715,20260110
31206,1,1,1,1,1,1,1,20250715,20260110
31243,1,1,1,1,1,1,1,20250715,20260110
31248,1,1,1,1,1,1,1,20250715,20260110
31252,1,0,0,0,1,1,1,20250715,20260110
31253,0,0,0,0,1,1,1,20250715,20260110
31255,0,0,0,1,1,1,1,20250715,20260110
31256,1,0,0,1,1,1,1,20250715,20260110
31266,1,1,1,1,1,0,1,20250717,20260110
31267,1,1,1,1,1,1,1,20250717,20260110
31268,1,1,1,0,0,0,0,20250717,20260110
31269,1,0,0,1,1,1,1,20250717,20260110
31270,1,1,1,1,1,1,1,20250717,20260110
31271,1,1,1,1,1,1,1,20250717,20260110
31272,1,1,1,1,1,1,1,20250717,20260110
31273,1,0,0,1,1,1,1,20250717,20260110
31274,1,1,1,1,1,1,1,20250717,20260110
31322,1,1,1,1,1,1,1,20250715,20260110
31333,1,0,0,0,0,0,0,20250715,20260110
31335,1,1,1,1,1,1,1,20250715,20260110
31346,1,1,1,1,1,1,1,20250715,20260110
31383,0,0,0,0,1,1,1,20250715,20260110
31385,0,0,0,0,1,1,1,20250715,20260110
31388,0,0,0,0,1,1,1,20250715,20260110
31389,0,0,0,0,1,0,1,20250715,20260110
31392,0,0,0,0,1,1,1,20250715,20260110
31412,1,1,1,1,1,1,1,20250715,20260110
31414,1,1,1,0,1,1,1,20250715,20260110
31424,1,0,0,0,0,0,0,20250715,20260110
31429,1,0,0,1,1,1,1,20250715,20260110
31521,1,1,1,1,1,1,1,20250715,20260110
31526,0,0,0,0,0,0,1,20250715,20260110
31532,1,1,1,1,1,0,0,20250715,20260110
31607,0,0,1,0,0,0,0,20250715,20260110
31608,1,0,0,1,1,1,1,20250715,20260110
31610,0,0,1,1,1,1,1,20250715,20260110
31611,0,0,1,1,1,1,1,20250715,20260110
31613,0,0,1,1,1,1,1,20250715,20260110
31615,1,0,0,1,1,1,1,20250715,20260110
31618,1,0,0,1,1,1,1,20250715,20260110
31621,0,0,1,1,1,1,1,20250715,20260110
31623,0,0,1,1,1,0,1,20250715,20260110
31626,0,0,1,1,1,1,1,20250715,20260110
31628,0,0,1,1,1,1,1,20250715,20260110
31629,0,0,1,1,1,1,1,20250715,20260110
31630,1,0,0,1,1,1,1,20250715,20260110
31666,1,1,1,1,1,0,0,20250715,20260415
31671,0,0,0,0,1,0,0,20250715,20260415
34761,1,1,1,1,1,1,1,20250825,20250825
34762,0,0,0,0,0,0,1,20250803,20250803
34764,1,1,1,1,1,1,1,20250730,20250730
34765,1,0,0,0,0,0,0,20250715,20250715
34766,0,1,0,0,0,0,0,20250715,20250715
34768,0,0,1,0,0,0,0,20250715,20250717
34769,0,1,0,0,0,0,0,20250715,20250717
34773,1,1,1,1,1,1,1,20250715,20251223
34775,0,1,0,1,0,0,0,20250715,20251223
34776,1,1,0,1,0,0,0,20250715,20251223
34777,1,0,1,0,1,0,0,20250715,20251223
34778,0,0,1,0,1,0,0,20250715,20251223
34779,0,0,0,0,0,1,0,20250802,20250802
34788,0,0,0,0,0,0,1,20250715,20251223
34793,0,0,0,0,0,0,1,20250801,20250804
34794,0,0,0,0,0,1,0,20250801,20250804
34795,0,0,0,0,1,0,0,20250801,20250804
34796,0,0,0,0,0,0,1,20250715,20251223
34798,0,0,0,0,0,1,0,20250715,20251223
34802,0,0,0,0,0,1,0,20250718,20250721
34803,0,0,0,0,1,0,0,20250718,20250721
34804,1,0,0,0,0,0,0,20250718,20250721
34805,0,0,0,0,0,0,1,20250718,20250721
34842,1,1,1,1,1,0,0,20250715,20251223
34843,0,0,1,1,1,0,0,20250715,20251223
34854,0,1,1,1,0,0,0,20250715,20251223
34856,1,0,0,0,0,0,0,20250715,20251223
34859,0,1,1,1,1,0,0,20250715,20251223
34860,1,0,0,0,0,0,0,20250715,20251223
34864,0,0,0,0,0,0,1,20250802,20250804
34865,1,0,0,0,0,0,0,20250802,20250804
34866,0,0,0,0,0,1,0,20250802,20250804
34867,0,0,0,0,1,0,0,20250725,20250726
34868,0,0,0,0,0,1,0,20250725,20250726
34887,0,0,0,0,1,0,0,20250715,20251223
34888,0,1,0,0,0,0,0,20250715,20251223
34889,0,0,1,0,0,0,0,20250715,20251223
34890,1,0,0,0,0,0,0,20250715,20251223
34891,0,0,0,1,0,0,0,20250715,20251223
34895,0,0,0,0,0,1,0,20250715,20250928
34896,0,0,0,0,0,0,1,20250715,20250928
34897,1,1,1,1,0,0,0,20250715,20250928
34898,0,0,0,0,1,0,0,20250715,20250928
34899,0,0,0,0,1,0,0,20250929,20251223
34900,0,0,0,0,0,1,0,20250929,20251223
34901,0,0,0,0,0,0,1,20250929,20251223
34902,1,1,1,1,0,0,0,20250929,20251223
34907,0,0,0,0,1,0,0,20250715,20251223
34909,1,1,1,1,0,0,0,20250715,20251223
34910,0,0,0,0,0,1,0,20250715,20251223
34917,1,1,1,1,1,0,0,20250715,20251223
34929,0,0,0,0,0,1,0,20250715,20250928
34975,0,1,1,1,0,0,0,20250715,20251223
35003,1,1,1,1,0,0,0,20250715,20251223
35075,1,1,1,1,1,0,0,20250715,20251223
35089,0,0,0,0,0,0,1,20250715,20251223
35152,0,1,0,0,0,0,0,20250715,20251223
35239,1,1,1,1,0,0,0,20250721,20250724
35240,1,1,1,0,0,0,0,20250728,20250730
35250,0,0,0,0,0,1,1,20250715,20251221
35257,0,0,0,0,0,1,1,20250715,20251223
35272,0,0,0,0,0,0,1,20250719,20250720
35295,0,0,0,0,1,0,0,20250725,20250727
35296,0,0,0,0,0,1,0,20250725,20250727
35297,0,0,0,0,0,0,1,20250725,20250727
35302,0,0,0,0,0,1,0,20250801,20250803
35303,0,0,0,0,0,0,1,20250801,20250803
35304,0,0,0,0,1,0,0,20250801,20250803
35309,0,0,0,0,0,1,0,20250715,20250730
35310,1,1,1,1,1,0,0,20250715,20250730
35311,0,0,0,0,0,0,1,20250715,20250730
35352,0,0,0,0,0,0,1,20250715,20251026
35354,0,0,0,0,0,1,0,20250715,20251026
35383,0,0,0,0,0,0,1,20250731,20251223
35384,1,1,1,1,1,0,0,20250731,20251223
35385,0,0,0,0,0,1,0,20250731,20251223
35454,0,0,0,0,0,0,1,20250719,20251223
35455,0,0,0,0,0,1,0,20250719,20251223
35456,0,0,0,0,1,0,0,20250719,20251223
35457,1,1,1,1,0,0,0,20250719,20251223
35487,0,0,0,0,1,0,0,20250719,20251223
35489,1,1,1,1,0,0,0,20250719,20251223
35511,1,1,1,1,1,0,0,20250715,20251223
35571,1,1,1,1,1,0,0,20250715,20251223
35896,1,1,1,1,1,0,0,20250719,20251223
36182,0,0,0,0,1,0,0,20250715,20250722
36183,1,1,1,1,0,0,0,20250715,20250722
36203,0,0,0,0,0,0,1,20250723,20251223
36204,1,1,1,1,0,0,0,20250723,20251223
36206,0,0,0,0,0,1,0,20250723,20251223
36207,0,0,0,0,1,0,0,20250723,20251223
36283,1,0,0,0,0,0,0,20250715,20251223
36284,0,1,0,0,0,0,0,20250715,20251223
36342,1,1,1,1,1,0,0,20250719,20251223
36345,0,0,1,1,1,0,0,20250719,20251223
36586,0,0,0,0,0,0,1,20250719,20251223
36734,0,0,1,0,0,0,0,20250715,20251223
36737,0,0,0,1,0,0,0,20250715,20251223
36747,1,1,1,1,1,0,0,20250726,20251223
36748,0,0,0,0,0,1,0,20250726,20251223
36749,0,0,0,0,0,0,1,20250726,20251223
36958,0,0,0,0,0,1,0,20250722,20250727
36959,0,0,0,0,0,0,1,20250722,20250727
36960,0,1,1,1,1,0,0,20250722,20250727
36977,0,0,0,0,0,0,1,20250715,20251223
37310,1,1,1,1,1,1,1,20250718,20250718
37312,1,0,0,0,0,0,0,20250719,20250720
37314,1,1,1,1,1,1,1,20250909,20250909
37315,1,1,1,1,1,1,1,20250916,20250916
37316,0,0,0,0,0,0,1,20250816,20250817
37317,0,0,0,0,0,1,0,20250816,20250817
37318,1,0,0,0,0,0,0,20250816,20250817
37319,1,0,0,0,0,0,0,20250809,20250810
37320,0,0,0,0,0,1,0,20250809,20250810
37321,0,0,0,0,0,0,1,20250809,20250810
37322,1,1,1,1,1,1,1,20250924,20250925
37323,1,1,1,1,1,1,1,20250930,20251001
37324,1,1,1,1,1,1,1,20251103,20251107
37328,1,1,1,1,1,1,1,20251119,20251120
37333,1,1,1,1,1,1,1,20251126,20251128
37348,1,1,1,1,1,0,0,20250803,20250807
37349,1,1,1,1,1,1,1,20250803,20250807
37350,0,0,0,0,0,0,1,20250726,20250727
37351,1,0,0,0,0,0,0,20250726,20250727
37352,0,0,0,0,0,1,0,20250726,20250727
37353,1,0,0,0,0,0,0,20250803,20250803
37361,0,0,0,0,0,0,1,20250809,20250809
37362,0,0,0,0,0,1,0,20250809,20250809
37373,0,0,0,0,0,0,1,20250810,20250810
37375,0,0,0,0,0,1,0,20250927,20250927
37377,0,0,0,0,0,0,1,20250802,20250803
37378,1,0,0,0,0,0,0,20250802,20250803
37379,0,0,0,0,0,1,0,20250802,20250803
37380,1,0,0,0,0,0,0,20250927,20250928
37381,0,0,0,0,0,0,1,20250927,20250928
37382,0,0,0,0,0,1,0,20250927,20250928
37391,0,0,1,1,1,0,0,20250723,20250727
37392,0,0,0,0,0,0,1,20250723,20250727
37393,0,0,0,1,1,1,0,20250723,20250727
37394,0,0,0,0,0,1,0,20250723,20250727
37395,1,0,0,0,0,0,0,20250723,20250727
37417,1,1,1,1,1,1,1,20250715,20260415
45569,1,1,1,1,1,0,0,20250715,20251231
45571,0,0,0,0,0,1,0,20250715,20251231
45572,0,0,0,0,0,0,1,20250715,20251231
